[100, 0.5]
[94, 0.4574468085106383]
[91, 0.4725274725274725]
[89, 0.4157303370786517]
[85, 0.3176470588235294]
[96, 0.34375]
[98, 0.32653061224489793]
[96, 0.2916666666666667]
[103, 0.33980582524271846]
[97, 0.3402061855670103]
[117, 0.4700854700854701]
[115, 0.4782608695652174]
[108, 0.3425925925925926]
[111, 0.32432432432432434]
[106, 0.32075471698113206]
[113, 0.35398230088495575]
[115, 0.3391304347826087]
[105, 0.3904761904761905]
[106, 0.3584905660377358]
[95, 0.3684210526315789]
[94, 0.3829787234042553]
[84, 0.39285714285714285]
[83, 0.30120481927710846]
[94, 0.2872340425531915]
[82, 0.14634146341463414]
[100, 0.15]
[94, 0.13829787234042554]
[98, 0.15306122448979592]
[126, 0.1111111111111111]
[106, 0.08490566037735849]
[107, 0.102803738317757]
[115, 0.1565217391304348]
[100, 0.16]
[106, 0.1509433962264151]
[131, 0.1450381679389313]
[145, 0.1724137931034483]
[145, 0.1724137931034483]
[117, 0.11965811965811966]
[106, 0.08490566037735849]
[101, 0.07920792079207921]
[103, 0.07766990291262135]
[88, 0.14772727272727273]
[89, 0.16853932584269662]
[93, 0.16129032258064516]
[89, 0.14606741573033707]
[77, 0.12987012987012986]
[71, 0.15492957746478872]
[57, 0.21052631578947367]
[53, 0.2641509433962264]
[59, 0.3389830508474576]
[60, 0.5166666666666667]
[50, 0.66]
[58, 0.6724137931034483]
[50, 0.68]
[60, 0.8333333333333334]
[52, 0.7884615384615384]
[57, 0.8245614035087719]
[61, 0.8032786885245902]
[63, 0.7936507936507936]
[57, 0.8421052631578947]
[58, 0.8448275862068966]
[74, 0.8783783783783784]
[75, 0.7333333333333333]
[69, 0.6956521739130435]
[69, 0.7536231884057971]
[74, 0.7567567567567568]
[65, 0.8307692307692308]
[73, 0.7808219178082192]
[82, 0.7682926829268293]
[78, 0.8589743589743589]
[88, 0.8522727272727273]
[82, 0.8536585365853658]
[86, 0.8255813953488372]
[83, 0.8072289156626506]
[78, 0.9102564102564102]
[65, 0.9230769230769231]
[71, 0.9154929577464789]
[68, 0.8970588235294118]
[67, 0.9253731343283582]
[80, 0.9375]
[77, 0.8831168831168831]
[73, 0.863013698630137]
[76, 0.8157894736842105]
[67, 0.8656716417910447]
[74, 0.8243243243243243]
[69, 0.8260869565217391]
[61, 0.8852459016393442]
[53, 0.8867924528301887]
[58, 0.896551724137931]
[59, 0.9661016949152542]
[66, 0.9545454545454546]
[64, 0.984375]
[64, 1.0]
[72, 1.0]
[60, 1.0]
[79, 1.0]
[93, 1.0]
[109, 1.0]
[106, 1.0]
[106, 1.0]
[113, 1.0]
